############# RIGHT VDCS  ###################
No of Crate, Slot, First, Last chans
[ R.vdc.u1 ]
1       10       0       95
1       12       0       95
1       13       0       95
1       14       0       79
0.0  0.77852 -0.0042426 -45.0                  z, wbeg, wspac, wangle (m)
5.000e4                                        Drift velocity (m/s)
TDC Offset Values
  1 1807.0   2 1807.0   3 1807.0   4 1807.0   5 1807.0   6 1807.0   7 1807.0   8 1807.0 
  9 1807.0  10 1807.0  11 1807.0  12 1807.0  13 1807.0  14 1807.0  15 1807.0  16 1807.0 
 17 1805.0  18 1805.0  19 1805.0  20 1805.0  21 1805.0  22 1805.0  23 1805.0  24 1805.0 
 25 1805.0  26 1805.0  27 1805.0  28 1805.0  29 1805.0  30 1805.0  31 1805.0  32 1805.0 
 33 1805.0  34 1805.0  35 1805.0  36 1805.0  37 1805.0  38 1805.0  39 1805.0  40 1805.0 
 41 1805.0  42 1805.0  43 1805.0  44 1805.0  45 1805.0  46 1805.0  47 1805.0  48 1805.0 
 49 1803.0  50 1803.0  51 1803.0  52 1803.0  53 1803.0  54 1803.0  55 1803.0  56 1803.0 
 57 1803.0  58 1803.0  59 1803.0  60 1803.0  61 1803.0  62 1803.0  63 1803.0  64 1803.0 
 65 1807.0  66 1807.0  67 1807.0  68 1807.0  69 1807.0  70 1807.0  71 1807.0  72 1807.0 
 73 1807.0  74 1807.0  75 1807.0  76 1807.0  77 1807.0  78 1807.0  79 1807.0  80 1807.0 
 81 1803.0  82 1803.0  83 1803.0  84 1803.0  85 1803.0  86 1803.0  87 1803.0  88 1803.0 
 89 1803.0  90 1803.0  91 1803.0  92 1803.0  93 1803.0  94 1803.0  95 1803.0  96 1803.0 
 97 1807.0  98 1807.0  99 1807.0 100 1807.0 101 1807.0 102 1807.0 103 1807.0 104 1807.0 
105 1807.0 106 1807.0 107 1807.0 108 1807.0 109 1807.0 110 1807.0 111 1807.0 112 1807.0 
113 1809.0 114 1809.0 115 1809.0 116 1809.0 117 1809.0 118 1809.0 119 1809.0 120 1809.0 
121 1809.0 122 1809.0 123 1809.0 124 1809.0 125 1809.0 126 1809.0 127 1809.0 128 1809.0 
129 1811.0 130 1811.0 131 1811.0 132 1811.0 133 1811.0 134 1811.0 135 1811.0 136 1811.0 
137 1811.0 138 1811.0 139 1811.0 140 1811.0 141 1811.0 142 1811.0 143 1811.0 144 1811.0 
145 1807.0 146 1807.0 147 1807.0 148 1807.0 149 1807.0 150 1807.0 151 1807.0 152 1807.0 
153 1807.0 154 1807.0 155 1807.0 156 1807.0 157 1807.0 158 1807.0 159 1807.0 160 1807.0 
161 1809.0 162 1809.0 163 1809.0 164 1809.0 165 1809.0 166 1809.0 167 1809.0 168 1809.0 
169 1809.0 170 1809.0 171 1809.0 172 1809.0 173 1809.0 174 1809.0 175 1809.0 176 1809.0 
177 1809.0 178 1809.0 179 1809.0 180 1809.0 181 1809.0 182 1809.0 183 1809.0 184 1809.0 
185 1809.0 186 1809.0 187 1809.0 188 1809.0 189 1809.0 190 1809.0 191 1809.0 192 1809.0 
193 1809.0 194 1809.0 195 1809.0 196 1809.0 197 1809.0 198 1809.0 199 1809.0 200 1809.0 
201 1809.0 202 1809.0 203 1809.0 204 1809.0 205 1809.0 206 1809.0 207 1809.0 208 1809.0 
209 1811.0 210 1811.0 211 1811.0 212 1811.0 213 1811.0 214 1811.0 215 1811.0 216 1811.0 
217 1811.0 218 1811.0 219 1811.0 220 1811.0 221 1811.0 222 1811.0 223 1811.0 224 1811.0 
225 1811.0 226 1811.0 227 1811.0 228 1811.0 229 1811.0 230 1811.0 231 1811.0 232 1811.0 
233 1811.0 234 1811.0 235 1811.0 236 1811.0 237 1811.0 238 1811.0 239 1811.0 240 1811.0 
241 1811.0 242 1811.0 243 1811.0 244 1811.0 245 1811.0 246 1811.0 247 1811.0 248 1811.0 
249 1811.0 250 1811.0 251 1811.0 252 1811.0 253 1811.0 254 1811.0 255 1811.0 256 1811.0 
257 1811.0 258 1811.0 259 1811.0 260 1811.0 261 1811.0 262 1811.0 263 1811.0 264 1811.0 
265 1811.0 266 1811.0 267 1811.0 268 1811.0 269 1811.0 270 1811.0 271 1811.0 272 1811.0 
273 1809.0 274 1809.0 275 1809.0 276 1809.0 277 1809.0 278 1809.0 279 1809.0 280 1809.0 
281 1809.0 282 1809.0 283 1809.0 284 1809.0 285 1809.0 286 1809.0 287 1809.0 288 1809.0 
289 1817.0 290 1817.0 291 1817.0 292 1817.0 293 1817.0 294 1817.0 295 1817.0 296 1817.0 
297 1817.0 298 1817.0 299 1817.0 300 1817.0 301 1817.0 302 1817.0 303 1817.0 304 1817.0 
305 1813.0 306 1813.0 307 1813.0 308 1813.0 309 1813.0 310 1813.0 311 1813.0 312 1813.0 
313 1813.0 314 1813.0 315 1813.0 316 1813.0 317 1813.0 318 1813.0 319 1813.0 320 1813.0 
321 1813.0 322 1813.0 323 1813.0 324 1813.0 325 1813.0 326 1813.0 327 1813.0 328 1813.0 
329 1813.0 330 1813.0 331 1813.0 332 1813.0 333 1813.0 334 1813.0 335 1813.0 336 1813.0 
337 1809.0 338 1809.0 339 1809.0 340 1809.0 341 1809.0 342 1809.0 343 1809.0 344 1809.0 
345 1809.0 346 1809.0 347 1809.0 348 1809.0 349 1809.0 350 1809.0 351 1809.0 352 1809.0 
353 1811.0 354 1811.0 355 1811.0 356 1811.0 357 1811.0 358 1811.0 359 1811.0 360 1811.0 
361 1811.0 362 1811.0 363 1811.0 364 1811.0 365 1811.0 366 1811.0 367 1811.0 368 1811.0
TTD Lookup Table
2.550e-08
647
0.00e+00 0.00e+00 0.00e+00 0.00e+00 0.00e+00 0.00e+00 0.00e+00 0.00e+00 0.00e+00 0.00e+00
0.00e+00 0.00e+00 0.00e+00 0.00e+00 0.00e+00 0.00e+00 0.00e+00 0.00e+00 0.00e+00 0.00e+00
0.00e+00 0.00e+00 0.00e+00 0.00e+00 0.00e+00 0.00e+00 0.00e+00 0.00e+00 0.00e+00 0.00e+00
0.00e+00 0.00e+00 0.00e+00 0.00e+00 0.00e+00 0.00e+00 0.00e+00 0.00e+00 0.00e+00 0.00e+00
0.00e+00 0.00e+00 0.00e+00 0.00e+00 0.00e+00 0.00e+00 0.00e+00 0.00e+00 0.00e+00 0.00e+00
2.79e-03 6.79e-03 1.19e-02 1.82e-02 2.59e-02 3.57e-02 4.72e-02 6.06e-02 7.67e-02 9.54e-02
1.16e-01 1.38e-01 1.63e-01 1.91e-01 2.21e-01 2.51e-01 2.85e-01 3.20e-01 3.62e-01 3.99e-01
4.39e-01 4.78e-01 5.18e-01 5.58e-01 6.02e-01 6.43e-01 6.86e-01 7.27e-01 7.71e-01 8.14e-01
8.57e-01 8.99e-01 9.45e-01 9.88e-01 1.03e+00 1.08e+00 1.12e+00 1.16e+00 1.21e+00 1.25e+00
1.30e+00 1.34e+00 1.39e+00 1.43e+00 1.48e+00 1.52e+00 1.57e+00 1.61e+00 1.66e+00 1.70e+00
1.75e+00 1.79e+00 1.83e+00 1.88e+00 1.92e+00 1.97e+00 2.01e+00 2.06e+00 2.10e+00 2.15e+00
2.19e+00 2.24e+00 2.28e+00 2.32e+00 2.37e+00 2.41e+00 2.45e+00 2.49e+00 2.54e+00 2.58e+00
2.62e+00 2.66e+00 2.70e+00 2.74e+00 2.78e+00 2.82e+00 2.86e+00 2.90e+00 2.93e+00 2.96e+00
3.00e+00 3.03e+00 3.06e+00 3.09e+00 3.13e+00 3.16e+00 3.18e+00 3.21e+00 3.25e+00 3.27e+00
3.30e+00 3.33e+00 3.36e+00 3.38e+00 3.41e+00 3.44e+00 3.47e+00 3.50e+00 3.53e+00 3.55e+00
3.58e+00 3.61e+00 3.64e+00 3.67e+00 3.70e+00 3.72e+00 3.75e+00 3.78e+00 3.81e+00 3.83e+00
3.86e+00 3.89e+00 3.92e+00 3.94e+00 3.97e+00 4.00e+00 4.02e+00 4.05e+00 4.08e+00 4.10e+00
4.13e+00 4.16e+00 4.18e+00 4.21e+00 4.24e+00 4.26e+00 4.29e+00 4.32e+00 4.34e+00 4.37e+00
4.39e+00 4.42e+00 4.44e+00 4.47e+00 4.50e+00 4.52e+00 4.55e+00 4.57e+00 4.60e+00 4.62e+00
4.65e+00 4.67e+00 4.70e+00 4.72e+00 4.75e+00 4.77e+00 4.80e+00 4.82e+00 4.85e+00 4.87e+00
4.90e+00 4.92e+00 4.95e+00 4.97e+00 5.00e+00 5.02e+00 5.05e+00 5.07e+00 5.10e+00 5.12e+00
5.14e+00 5.17e+00 5.19e+00 5.22e+00 5.24e+00 5.27e+00 5.29e+00 5.31e+00 5.34e+00 5.36e+00
5.39e+00 5.41e+00 5.44e+00 5.46e+00 5.48e+00 5.51e+00 5.53e+00 5.55e+00 5.58e+00 5.60e+00
5.63e+00 5.65e+00 5.67e+00 5.70e+00 5.72e+00 5.74e+00 5.77e+00 5.79e+00 5.81e+00 5.84e+00
5.86e+00 5.88e+00 5.91e+00 5.93e+00 5.96e+00 5.98e+00 6.00e+00 6.03e+00 6.05e+00 6.07e+00
6.10e+00 6.12e+00 6.15e+00 6.17e+00 6.19e+00 6.22e+00 6.24e+00 6.26e+00 6.29e+00 6.31e+00
6.34e+00 6.36e+00 6.39e+00 6.41e+00 6.43e+00 6.46e+00 6.48e+00 6.51e+00 6.53e+00 6.55e+00
6.58e+00 6.60e+00 6.63e+00 6.65e+00 6.68e+00 6.70e+00 6.72e+00 6.75e+00 6.77e+00 6.80e+00
6.82e+00 6.85e+00 6.87e+00 6.89e+00 6.92e+00 6.94e+00 6.97e+00 6.99e+00 7.02e+00 7.04e+00
7.06e+00 7.09e+00 7.11e+00 7.14e+00 7.16e+00 7.18e+00 7.21e+00 7.23e+00 7.26e+00 7.28e+00
7.30e+00 7.33e+00 7.35e+00 7.38e+00 7.40e+00 7.42e+00 7.45e+00 7.47e+00 7.50e+00 7.52e+00
7.55e+00 7.57e+00 7.59e+00 7.62e+00 7.64e+00 7.67e+00 7.69e+00 7.71e+00 7.74e+00 7.76e+00
7.78e+00 7.81e+00 7.83e+00 7.86e+00 7.88e+00 7.90e+00 7.93e+00 7.95e+00 7.98e+00 8.00e+00
8.02e+00 8.05e+00 8.07e+00 8.09e+00 8.12e+00 8.14e+00 8.17e+00 8.19e+00 8.21e+00 8.24e+00
8.26e+00 8.28e+00 8.31e+00 8.33e+00 8.35e+00 8.38e+00 8.40e+00 8.43e+00 8.45e+00 8.47e+00
8.50e+00 8.52e+00 8.55e+00 8.57e+00 8.59e+00 8.62e+00 8.64e+00 8.66e+00 8.69e+00 8.71e+00
8.73e+00 8.76e+00 8.78e+00 8.81e+00 8.83e+00 8.85e+00 8.88e+00 8.90e+00 8.92e+00 8.95e+00
8.97e+00 8.99e+00 9.02e+00 9.04e+00 9.06e+00 9.09e+00 9.11e+00 9.13e+00 9.16e+00 9.18e+00
9.21e+00 9.23e+00 9.25e+00 9.28e+00 9.30e+00 9.32e+00 9.35e+00 9.37e+00 9.39e+00 9.42e+00
9.44e+00 9.46e+00 9.49e+00 9.51e+00 9.54e+00 9.56e+00 9.58e+00 9.61e+00 9.63e+00 9.65e+00
9.68e+00 9.70e+00 9.72e+00 9.75e+00 9.77e+00 9.79e+00 9.82e+00 9.84e+00 9.86e+00 9.89e+00
9.91e+00 9.94e+00 9.96e+00 9.98e+00 1.00e+01 1.00e+01 1.01e+01 1.01e+01 1.01e+01 1.01e+01
1.01e+01 1.02e+01 1.02e+01 1.02e+01 1.02e+01 1.03e+01 1.03e+01 1.03e+01 1.03e+01 1.04e+01
1.04e+01 1.04e+01 1.04e+01 1.05e+01 1.05e+01 1.05e+01 1.05e+01 1.05e+01 1.06e+01 1.06e+01
1.06e+01 1.06e+01 1.07e+01 1.07e+01 1.07e+01 1.07e+01 1.08e+01 1.08e+01 1.08e+01 1.08e+01
1.08e+01 1.09e+01 1.09e+01 1.09e+01 1.09e+01 1.10e+01 1.10e+01 1.10e+01 1.10e+01 1.11e+01
1.11e+01 1.11e+01 1.11e+01 1.12e+01 1.12e+01 1.12e+01 1.12e+01 1.12e+01 1.13e+01 1.13e+01
1.13e+01 1.13e+01 1.14e+01 1.14e+01 1.14e+01 1.14e+01 1.15e+01 1.15e+01 1.15e+01 1.15e+01
1.15e+01 1.16e+01 1.16e+01 1.16e+01 1.16e+01 1.17e+01 1.17e+01 1.17e+01 1.17e+01 1.18e+01
1.18e+01 1.18e+01 1.18e+01 1.19e+01 1.19e+01 1.19e+01 1.19e+01 1.19e+01 1.20e+01 1.20e+01
1.20e+01 1.20e+01 1.21e+01 1.21e+01 1.21e+01 1.21e+01 1.22e+01 1.22e+01 1.22e+01 1.22e+01
1.22e+01 1.23e+01 1.23e+01 1.23e+01 1.23e+01 1.24e+01 1.24e+01 1.24e+01 1.24e+01 1.25e+01
1.25e+01 1.25e+01 1.25e+01 1.25e+01 1.26e+01 1.26e+01 1.26e+01 1.26e+01 1.27e+01 1.27e+01
1.27e+01 1.27e+01 1.28e+01 1.28e+01 1.28e+01 1.28e+01 1.28e+01 1.29e+01 1.29e+01 1.29e+01
1.29e+01 1.30e+01 1.30e+01 1.30e+01 1.30e+01 1.31e+01 1.31e+01 1.31e+01 1.31e+01 1.31e+01
1.32e+01 1.32e+01 1.32e+01 1.32e+01 1.33e+01 1.33e+01 1.33e+01 1.33e+01 1.34e+01 1.34e+01
1.34e+01 1.34e+01 1.34e+01 1.35e+01 1.35e+01 1.35e+01 1.35e+01 1.36e+01 1.36e+01 1.36e+01
1.36e+01 1.37e+01 1.37e+01 1.37e+01 1.37e+01 1.37e+01 1.38e+01 1.38e+01 1.38e+01 1.38e+01
1.39e+01 1.39e+01 1.39e+01 1.39e+01 1.40e+01 1.40e+01 1.40e+01 1.40e+01 1.40e+01 1.41e+01
1.41e+01 1.41e+01 1.41e+01 1.42e+01 1.42e+01 1.42e+01 1.42e+01 1.42e+01 1.43e+01 1.43e+01
1.43e+01 1.43e+01 1.44e+01 1.44e+01 1.44e+01 1.44e+01 1.44e+01 1.45e+01 1.45e+01 1.45e+01
1.45e+01 1.45e+01 1.45e+01 1.46e+01 1.46e+01 1.46e+01 1.46e+01 1.46e+01 1.47e+01 1.47e+01
1.47e+01 1.47e+01 1.47e+01 1.47e+01 1.48e+01 1.48e+01 1.48e+01 1.48e+01 1.48e+01 1.48e+01
1.48e+01 1.48e+01 1.49e+01 1.49e+01 1.49e+01 1.49e+01 1.49e+01 1.49e+01 1.49e+01 1.49e+01
1.49e+01 1.50e+01 1.50e+01 1.50e+01 1.50e+01 1.50e+01 1.50e+01 1.51e+01 1.51e+01 1.51e+01
1.51e+01 1.51e+01 1.51e+01 1.51e+01 1.51e+01 1.51e+01 1.51e+01 1.51e+01 1.51e+01 1.51e+01
1.51e+01 1.51e+01 1.51e+01 1.51e+01 1.51e+01 1.51e+01 1.51e+01 1.51e+01 1.51e+01 1.51e+01
1.51e+01 1.51e+01 1.51e+01 1.51e+01 1.51e+01 1.51e+01 1.51e+01 1.51e+01 1.51e+01 1.51e+01
1.51e+01 1.51e+01 1.51e+01 1.51e+01 1.51e+01 1.51e+01 1.51e+01 1.51e+01 1.51e+01 1.51e+01
1.51e+01 1.51e+01 1.51e+01 1.51e+01 1.51e+01 1.51e+01 1.51e+01 1.51e+01 1.51e+01 1.51e+01
1.51e+01 1.51e+01 1.51e+01 1.51e+01 1.51e+01 1.51e+01 1.51e+01 1.51e+01 1.51e+01 1.51e+01
1.51e+01 1.51e+01 1.51e+01 1.51e+01 1.51e+01 1.51e+01 1.51e+01 1.51e+01 1.51e+01 1.51e+01
1.51e+01 1.51e+01 1.51e+01 1.51e+01 1.51e+01 1.51e+01 1.51e+01 1.51e+01 1.51e+01 1.51e+01
1.51e+01 1.51e+01 1.51e+01 1.51e+01 1.51e+01 1.51e+01 1.51e+01 1.51e+01 1.51e+01 1.51e+01
1.51e+01 1.51e+01 1.51e+01 1.51e+01 1.51e+01 1.51e+01 1.51e+01 1.51e+01 1.51e+01 1.51e+01
1.51e+01 1.51e+01 1.51e+01 1.51e+01 1.51e+01 1.51e+01 1.51e+01 1.51e+01 1.51e+01 1.51e+01
1.51e+01 1.51e+01 1.51e+01 1.51e+01 1.51e+01 1.51e+01 1.51e+01 1.51e+01 1.51e+01 1.51e+01
1.51e+01 1.51e+01 1.51e+01 1.51e+01 1.51e+01 1.51e+01 1.51e+01 1.51e+01 1.51e+01 1.51e+01
1.51e+01 1.51e+01 1.51e+01 1.51e+01 1.51e+01 1.51e+01 1.51e+01 1.51e+01 1.51e+01 1.51e+01
1.51e+01 1.51e+01 1.51e+01 1.51e+01 1.51e+01 1.51e+01 1.51e+01 1.51e+01 
[ R.vdc.v1 ]
2       7       0         95
2       8       0         95
2       9       0         95
2      10       0         79
0.026  0.77852 -0.0042426 45.0                 z, wbeg, wspac, wangle (m)
4.971e4                                        Drift velocity (m/s)
TDC Offset Values
  1 1813.0   2 1813.0   3 1813.0   4 1813.0   5 1813.0   6 1813.0   7 1813.0   8 1813.0 
  9 1813.0  10 1813.0  11 1813.0  12 1813.0  13 1813.0  14 1813.0  15 1813.0  16 1813.0 
 17 1809.0  18 1809.0  19 1809.0  20 1809.0  21 1809.0  22 1809.0  23 1809.0  24 1809.0 
 25 1809.0  26 1809.0  27 1809.0  28 1809.0  29 1809.0  30 1809.0  31 1809.0  32 1809.0 
 33 1813.0  34 1813.0  35 1813.0  36 1813.0  37 1813.0  38 1813.0  39 1813.0  40 1813.0 
 41 1813.0  42 1813.0  43 1813.0  44 1813.0  45 1813.0  46 1813.0  47 1813.0  48 1813.0 
 49 1809.0  50 1809.0  51 1809.0  52 1809.0  53 1809.0  54 1809.0  55 1809.0  56 1809.0 
 57 1809.0  58 1809.0  59 1809.0  60 1809.0  61 1809.0  62 1809.0  63 1809.0  64 1809.0 
 65 1811.0  66 1811.0  67 1811.0  68 1811.0  69 1811.0  70 1811.0  71 1811.0  72 1811.0 
 73 1811.0  74 1811.0  75 1811.0  76 1811.0  77 1811.0  78 1811.0  79 1811.0  80 1811.0 
 81 1811.0  82 1811.0  83 1811.0  84 1811.0  85 1811.0  86 1811.0  87 1811.0  88 1811.0 
 89 1811.0  90 1811.0  91 1811.0  92 1811.0  93 1811.0  94 1811.0  95 1811.0  96 1811.0 
 97 1813.0  98 1813.0  99 1813.0 100 1813.0 101 1813.0 102 1813.0 103 1813.0 104 1813.0 
105 1813.0 106 1813.0 107 1813.0 108 1813.0 109 1813.0 110 1813.0 111 1813.0 112 1813.0 
113 1811.0 114 1811.0 115 1811.0 116 1811.0 117 1811.0 118 1811.0 119 1811.0 120 1811.0 
121 1811.0 122 1811.0 123 1811.0 124 1811.0 125 1811.0 126 1811.0 127 1811.0 128 1811.0 
129 1813.0 130 1813.0 131 1813.0 132 1813.0 133 1813.0 134 1813.0 135 1813.0 136 1813.0 
137 1813.0 138 1813.0 139 1813.0 140 1813.0 141 1813.0 142 1813.0 143 1813.0 144 1813.0 
145 1811.0 146 1811.0 147 1811.0 148 1811.0 149 1811.0 150 1811.0 151 1811.0 152 1811.0 
153 1811.0 154 1811.0 155 1811.0 156 1811.0 157 1811.0 158 1811.0 159 1811.0 160 1811.0 
161 1813.0 162 1813.0 163 1813.0 164 1813.0 165 1813.0 166 1813.0 167 1813.0 168 1813.0 
169 1813.0 170 1813.0 171 1813.0 172 1813.0 173 1813.0 174 1813.0 175 1813.0 176 1813.0 
177 1813.0 178 1813.0 179 1813.0 180 1813.0 181 1813.0 182 1813.0 183 1813.0 184 1813.0 
185 1813.0 186 1813.0 187 1813.0 188 1813.0 189 1813.0 190 1813.0 191 1813.0 192 1813.0 
193 1817.0 194 1817.0 195 1817.0 196 1817.0 197 1817.0 198 1817.0 199 1817.0 200 1817.0 
201 1817.0 202 1817.0 203 1817.0 204 1817.0 205 1817.0 206 1817.0 207 1817.0 208 1817.0 
209 1817.0 210 1817.0 211 1817.0 212 1817.0 213 1817.0 214 1817.0 215 1817.0 216 1817.0 
217 1817.0 218 1817.0 219 1817.0 220 1817.0 221 1817.0 222 1817.0 223 1817.0 224 1817.0 
225 1815.0 226 1815.0 227 1815.0 228 1815.0 229 1815.0 230 1815.0 231 1815.0 232 1815.0 
233 1815.0 234 1815.0 235 1815.0 236 1815.0 237 1815.0 238 1815.0 239 1815.0 240 1815.0 
241 1815.0 242 1815.0 243 1815.0 244 1815.0 245 1815.0 246 1815.0 247 1815.0 248 1815.0 
249 1815.0 250 1815.0 251 1815.0 252 1815.0 253 1815.0 254 1815.0 255 1815.0 256 1815.0 
257 1815.0 258 1815.0 259 1815.0 260 1815.0 261 1815.0 262 1815.0 263 1815.0 264 1815.0 
265 1815.0 266 1815.0 267 1815.0 268 1815.0 269 1815.0 270 1815.0 271 1815.0 272 1815.0 
273 1813.0 274 1813.0 275 1813.0 276 1813.0 277 1813.0 278 1813.0 279 1813.0 280 1813.0 
281 1813.0 282 1813.0 283 1813.0 284 1813.0 285 1813.0 286 1813.0 287 1813.0 288 1813.0 
289 1821.0 290 1821.0 291 1821.0 292 1821.0 293 1821.0 294 1821.0 295 1821.0 296 1821.0 
297 1821.0 298 1821.0 299 1821.0 300 1821.0 301 1821.0 302 1821.0 303 1821.0 304 1821.0 
305 1817.0 306 1817.0 307 1817.0 308 1817.0 309 1817.0 310 1817.0 311 1817.0 312 1817.0 
313 1817.0 314 1817.0 315 1817.0 316 1817.0 317 1817.0 318 1817.0 319 1817.0 320 1817.0 
321 1817.0 322 1817.0 323 1817.0 324 1817.0 325 1817.0 326 1817.0 327 1817.0 328 1817.0 
329 1817.0 330 1817.0 331 1817.0 332 1817.0 333 1817.0 334 1817.0 335 1817.0 336 1817.0 
337 1819.0 338 1819.0 339 1819.0 340 1819.0 341 1819.0 342 1819.0 343 1819.0 344 1819.0 
345 1819.0 346 1819.0 347 1819.0 348 1819.0 349 1819.0 350 1819.0 351 1819.0 352 1819.0 
353 1821.0 354 1821.0 355 1821.0 356 1821.0 357 1821.0 358 1821.0 359 1821.0 360 1821.0 
361 1821.0 362 1821.0 363 1821.0 364 1821.0 365 1821.0 366 1821.0 367 1821.0 368 1821.0 
TTD Lookup Table
2.550e-08
647
0.00e+00 0.00e+00 0.00e+00 0.00e+00 0.00e+00 0.00e+00 0.00e+00 0.00e+00 0.00e+00 0.00e+00
0.00e+00 0.00e+00 0.00e+00 0.00e+00 0.00e+00 0.00e+00 0.00e+00 0.00e+00 0.00e+00 0.00e+00
0.00e+00 0.00e+00 0.00e+00 0.00e+00 0.00e+00 0.00e+00 0.00e+00 0.00e+00 0.00e+00 0.00e+00
0.00e+00 0.00e+00 0.00e+00 0.00e+00 0.00e+00 0.00e+00 0.00e+00 0.00e+00 0.00e+00 0.00e+00
0.00e+00 0.00e+00 0.00e+00 0.00e+00 0.00e+00 0.00e+00 0.00e+00 0.00e+00 0.00e+00 0.00e+00
1.57e-03 3.72e-03 6.60e-03 1.05e-02 1.55e-02 2.17e-02 2.93e-02 3.87e-02 4.96e-02 6.23e-02
7.71e-02 9.45e-02 1.14e-01 1.36e-01 1.59e-01 1.85e-01 2.13e-01 2.42e-01 2.74e-01 3.08e-01
3.42e-01 3.78e-01 4.13e-01 4.51e-01 4.89e-01 5.27e-01 5.65e-01 6.06e-01 6.47e-01 6.87e-01
7.28e-01 7.70e-01 8.12e-01 8.54e-01 8.96e-01 9.41e-01 9.84e-01 1.03e+00 1.07e+00 1.11e+00
1.16e+00 1.20e+00 1.25e+00 1.29e+00 1.34e+00 1.38e+00 1.43e+00 1.47e+00 1.52e+00 1.57e+00
1.61e+00 1.66e+00 1.70e+00 1.75e+00 1.79e+00 1.84e+00 1.89e+00 1.93e+00 1.98e+00 2.03e+00
2.07e+00 2.12e+00 2.16e+00 2.21e+00 2.25e+00 2.30e+00 2.34e+00 2.39e+00 2.43e+00 2.48e+00
2.52e+00 2.56e+00 2.60e+00 2.65e+00 2.69e+00 2.73e+00 2.77e+00 2.81e+00 2.84e+00 2.88e+00
2.92e+00 2.95e+00 2.99e+00 3.02e+00 3.06e+00 3.09e+00 3.12e+00 3.15e+00 3.18e+00 3.21e+00
3.24e+00 3.27e+00 3.30e+00 3.33e+00 3.36e+00 3.39e+00 3.41e+00 3.44e+00 3.47e+00 3.50e+00
3.53e+00 3.55e+00 3.58e+00 3.61e+00 3.64e+00 3.67e+00 3.69e+00 3.72e+00 3.75e+00 3.77e+00
3.80e+00 3.83e+00 3.86e+00 3.88e+00 3.91e+00 3.94e+00 3.96e+00 3.99e+00 4.01e+00 4.04e+00
4.07e+00 4.09e+00 4.12e+00 4.14e+00 4.17e+00 4.20e+00 4.22e+00 4.25e+00 4.27e+00 4.30e+00
4.32e+00 4.35e+00 4.37e+00 4.40e+00 4.42e+00 4.45e+00 4.47e+00 4.50e+00 4.52e+00 4.55e+00
4.57e+00 4.60e+00 4.62e+00 4.64e+00 4.67e+00 4.69e+00 4.72e+00 4.74e+00 4.77e+00 4.79e+00
4.81e+00 4.84e+00 4.86e+00 4.89e+00 4.91e+00 4.94e+00 4.96e+00 4.99e+00 5.01e+00 5.03e+00
5.06e+00 5.08e+00 5.11e+00 5.13e+00 5.15e+00 5.18e+00 5.20e+00 5.23e+00 5.25e+00 5.27e+00
5.30e+00 5.32e+00 5.35e+00 5.37e+00 5.39e+00 5.42e+00 5.44e+00 5.47e+00 5.49e+00 5.51e+00
5.54e+00 5.56e+00 5.58e+00 5.61e+00 5.63e+00 5.65e+00 5.68e+00 5.70e+00 5.72e+00 5.75e+00
5.77e+00 5.79e+00 5.82e+00 5.84e+00 5.86e+00 5.89e+00 5.91e+00 5.93e+00 5.96e+00 5.98e+00
6.00e+00 6.03e+00 6.05e+00 6.08e+00 6.10e+00 6.12e+00 6.15e+00 6.17e+00 6.19e+00 6.22e+00
6.24e+00 6.27e+00 6.29e+00 6.31e+00 6.34e+00 6.36e+00 6.39e+00 6.41e+00 6.43e+00 6.46e+00
6.48e+00 6.50e+00 6.53e+00 6.55e+00 6.58e+00 6.60e+00 6.62e+00 6.65e+00 6.68e+00 6.70e+00
6.72e+00 6.75e+00 6.77e+00 6.79e+00 6.82e+00 6.84e+00 6.87e+00 6.89e+00 6.91e+00 6.94e+00
6.96e+00 6.99e+00 7.01e+00 7.03e+00 7.06e+00 7.08e+00 7.11e+00 7.13e+00 7.15e+00 7.18e+00
7.20e+00 7.23e+00 7.25e+00 7.27e+00 7.30e+00 7.32e+00 7.35e+00 7.37e+00 7.39e+00 7.42e+00
7.44e+00 7.47e+00 7.49e+00 7.51e+00 7.54e+00 7.56e+00 7.58e+00 7.61e+00 7.63e+00 7.66e+00
7.68e+00 7.70e+00 7.73e+00 7.75e+00 7.78e+00 7.80e+00 7.82e+00 7.85e+00 7.87e+00 7.89e+00
7.92e+00 7.94e+00 7.96e+00 7.99e+00 8.01e+00 8.04e+00 8.06e+00 8.08e+00 8.11e+00 8.13e+00
8.15e+00 8.18e+00 8.20e+00 8.23e+00 8.25e+00 8.27e+00 8.30e+00 8.32e+00 8.34e+00 8.37e+00
8.39e+00 8.41e+00 8.44e+00 8.46e+00 8.49e+00 8.51e+00 8.53e+00 8.56e+00 8.58e+00 8.60e+00
8.63e+00 8.65e+00 8.67e+00 8.70e+00 8.72e+00 8.75e+00 8.77e+00 8.79e+00 8.81e+00 8.84e+00
8.86e+00 8.89e+00 8.91e+00 8.93e+00 8.96e+00 8.98e+00 9.00e+00 9.03e+00 9.05e+00 9.07e+00
9.10e+00 9.12e+00 9.14e+00 9.17e+00 9.19e+00 9.21e+00 9.24e+00 9.26e+00 9.28e+00 9.31e+00
9.33e+00 9.36e+00 9.38e+00 9.40e+00 9.43e+00 9.45e+00 9.47e+00 9.50e+00 9.52e+00 9.54e+00
9.57e+00 9.59e+00 9.61e+00 9.64e+00 9.66e+00 9.68e+00 9.71e+00 9.73e+00 9.75e+00 9.78e+00
9.80e+00 9.82e+00 9.85e+00 9.87e+00 9.89e+00 9.92e+00 9.94e+00 9.96e+00 9.99e+00 1.00e+01
1.00e+01 1.01e+01 1.01e+01 1.01e+01 1.01e+01 1.02e+01 1.02e+01 1.02e+01 1.02e+01 1.02e+01
1.03e+01 1.03e+01 1.03e+01 1.03e+01 1.04e+01 1.04e+01 1.04e+01 1.04e+01 1.05e+01 1.05e+01
1.05e+01 1.05e+01 1.05e+01 1.06e+01 1.06e+01 1.06e+01 1.06e+01 1.07e+01 1.07e+01 1.07e+01
1.07e+01 1.08e+01 1.08e+01 1.08e+01 1.08e+01 1.09e+01 1.09e+01 1.09e+01 1.09e+01 1.09e+01
1.10e+01 1.10e+01 1.10e+01 1.10e+01 1.11e+01 1.11e+01 1.11e+01 1.11e+01 1.12e+01 1.12e+01
1.12e+01 1.12e+01 1.12e+01 1.13e+01 1.13e+01 1.13e+01 1.13e+01 1.14e+01 1.14e+01 1.14e+01
1.14e+01 1.15e+01 1.15e+01 1.15e+01 1.15e+01 1.15e+01 1.16e+01 1.16e+01 1.16e+01 1.16e+01
1.17e+01 1.17e+01 1.17e+01 1.17e+01 1.18e+01 1.18e+01 1.18e+01 1.18e+01 1.19e+01 1.19e+01
1.19e+01 1.19e+01 1.19e+01 1.20e+01 1.20e+01 1.20e+01 1.20e+01 1.21e+01 1.21e+01 1.21e+01
1.21e+01 1.22e+01 1.22e+01 1.22e+01 1.22e+01 1.22e+01 1.23e+01 1.23e+01 1.23e+01 1.23e+01
1.24e+01 1.24e+01 1.24e+01 1.24e+01 1.25e+01 1.25e+01 1.25e+01 1.25e+01 1.25e+01 1.26e+01
1.26e+01 1.26e+01 1.26e+01 1.27e+01 1.27e+01 1.27e+01 1.27e+01 1.28e+01 1.28e+01 1.28e+01
1.28e+01 1.28e+01 1.29e+01 1.29e+01 1.29e+01 1.29e+01 1.30e+01 1.30e+01 1.30e+01 1.30e+01
1.31e+01 1.31e+01 1.31e+01 1.31e+01 1.31e+01 1.32e+01 1.32e+01 1.32e+01 1.32e+01 1.33e+01
1.33e+01 1.33e+01 1.33e+01 1.34e+01 1.34e+01 1.34e+01 1.34e+01 1.34e+01 1.35e+01 1.35e+01
1.35e+01 1.35e+01 1.36e+01 1.36e+01 1.36e+01 1.36e+01 1.37e+01 1.37e+01 1.37e+01 1.37e+01
1.37e+01 1.38e+01 1.38e+01 1.38e+01 1.38e+01 1.39e+01 1.39e+01 1.39e+01 1.39e+01 1.40e+01
1.40e+01 1.40e+01 1.40e+01 1.40e+01 1.41e+01 1.41e+01 1.41e+01 1.41e+01 1.42e+01 1.42e+01
1.42e+01 1.42e+01 1.42e+01 1.43e+01 1.43e+01 1.43e+01 1.43e+01 1.43e+01 1.44e+01 1.44e+01
1.44e+01 1.44e+01 1.45e+01 1.45e+01 1.45e+01 1.45e+01 1.45e+01 1.45e+01 1.46e+01 1.46e+01
1.46e+01 1.46e+01 1.46e+01 1.47e+01 1.47e+01 1.47e+01 1.47e+01 1.47e+01 1.47e+01 1.48e+01
1.48e+01 1.48e+01 1.48e+01 1.48e+01 1.48e+01 1.48e+01 1.49e+01 1.49e+01 1.49e+01 1.49e+01
1.49e+01 1.49e+01 1.49e+01 1.49e+01 1.49e+01 1.50e+01 1.50e+01 1.51e+01 1.51e+01 1.51e+01
1.51e+01 1.51e+01 1.51e+01 1.51e+01 1.51e+01 1.51e+01 1.51e+01 1.51e+01 1.51e+01 1.51e+01
1.51e+01 1.51e+01 1.51e+01 1.51e+01 1.51e+01 1.51e+01 1.51e+01 1.51e+01 1.51e+01 1.51e+01
1.51e+01 1.51e+01 1.51e+01 1.51e+01 1.51e+01 1.51e+01 1.51e+01 1.51e+01 1.51e+01 1.51e+01
1.51e+01 1.51e+01 1.51e+01 1.51e+01 1.51e+01 1.51e+01 1.51e+01 1.51e+01 1.51e+01 1.51e+01
1.51e+01 1.51e+01 1.51e+01 1.51e+01 1.51e+01 1.51e+01 1.51e+01 1.51e+01 1.51e+01 1.51e+01
1.51e+01 1.51e+01 1.51e+01 1.51e+01 1.51e+01 1.51e+01 1.51e+01 1.51e+01 1.51e+01 1.51e+01
1.51e+01 1.51e+01 1.51e+01 1.51e+01 1.51e+01 1.51e+01 1.51e+01 1.51e+01 1.51e+01 1.51e+01
1.51e+01 1.51e+01 1.51e+01 1.51e+01 1.51e+01 1.51e+01 1.51e+01 1.51e+01 1.51e+01 1.51e+01
1.51e+01 1.51e+01 1.51e+01 1.51e+01 1.51e+01 1.51e+01 1.51e+01 1.51e+01 1.51e+01 1.51e+01
1.51e+01 1.51e+01 1.51e+01 1.51e+01 1.51e+01 1.51e+01 1.51e+01 1.51e+01 1.51e+01 1.51e+01
1.51e+01 1.51e+01 1.51e+01 1.51e+01 1.51e+01 1.51e+01 1.51e+01 1.51e+01 1.51e+01 1.51e+01
1.51e+01 1.51e+01 1.51e+01 1.51e+01 1.51e+01 1.51e+01 1.51e+01 1.51e+01 1.51e+01 1.51e+01
1.51e+01 1.51e+01 1.51e+01 1.51e+01 1.51e+01 1.51e+01 1.51e+01 1.51e+01 1.51e+01 1.51e+01
1.51e+01 1.51e+01 1.51e+01 1.51e+01 1.51e+01 1.51e+01 1.51e+01 1.51e+01 1.51e+01 1.51e+01
1.51e+01 1.51e+01 1.51e+01 1.51e+01 1.51e+01 1.51e+01 1.51e+01 1.51e+01 7.99e-44
[ R.vdc.u2 ]
1      6       0          95
1      7       0          95
1      8       0          95
1      9       0          79
0.3327 1.02793  -0.0042426 -45.0               z, wbeg, wspac,, wangle (m)
4.953e4                                        Drift velocity (m/s)
TDC Offset Values
  1 1805.0   2 1805.0   3 1805.0   4 1805.0   5 1805.0   6 1805.0   7 1805.0   8 1805.0 
  9 1805.0  10 1805.0  11 1805.0  12 1805.0  13 1805.0  14 1805.0  15 1805.0  16 1805.0 
 17 1801.0  18 1801.0  19 1801.0  20 1801.0  21 1801.0  22 1801.0  23 1801.0  24 1801.0 
 25 1801.0  26 1801.0  27 1801.0  28 1801.0  29 1801.0  30 1801.0  31 1801.0  32 1801.0 
 33 1801.0  34 1801.0  35 1801.0  36 1801.0  37 1801.0  38 1801.0  39 1801.0  40 1801.0 
 41 1801.0  42 1801.0  43 1801.0  44 1801.0  45 1801.0  46 1801.0  47 1801.0  48 1801.0 
 49 1797.0  50 1797.0  51 1797.0  52 1797.0  53 1797.0  54 1797.0  55 1797.0  56 1797.0 
 57 1797.0  58 1797.0  59 1797.0  60 1797.0  61 1797.0  62 1797.0  63 1797.0  64 1797.0 
 65 1801.0  66 1801.0  67 1801.0  68 1801.0  69 1801.0  70 1801.0  71 1801.0  72 1801.0 
 73 1801.0  74 1801.0  75 1801.0  76 1801.0  77 1801.0  78 1801.0  79 1801.0  80 1801.0 
 81 1797.0  82 1797.0  83 1797.0  84 1797.0  85 1797.0  86 1797.0  87 1797.0  88 1797.0 
 89 1797.0  90 1797.0  91 1797.0  92 1797.0  93 1797.0  94 1797.0  95 1797.0  96 1797.0 
 97 1799.0  98 1799.0  99 1799.0 100 1799.0 101 1799.0 102 1799.0 103 1799.0 104 1799.0 
105 1799.0 106 1799.0 107 1799.0 108 1799.0 109 1799.0 110 1799.0 111 1799.0 112 1799.0 
113 1801.0 114 1801.0 115 1801.0 116 1801.0 117 1801.0 118 1801.0 119 1801.0 120 1801.0 
121 1801.0 122 1801.0 123 1801.0 124 1801.0 125 1801.0 126 1801.0 127 1801.0 128 1801.0 
129 1803.0 130 1803.0 131 1803.0 132 1803.0 133 1803.0 134 1803.0 135 1803.0 136 1803.0 
137 1803.0 138 1803.0 139 1803.0 140 1803.0 141 1803.0 142 1803.0 143 1803.0 144 1803.0 
145 1799.0 146 1799.0 147 1799.0 148 1799.0 149 1799.0 150 1799.0 151 1799.0 152 1799.0 
153 1799.0 154 1799.0 155 1799.0 156 1799.0 157 1799.0 158 1799.0 159 1799.0 160 1799.0 
161 1801.0 162 1801.0 163 1801.0 164 1801.0 165 1801.0 166 1801.0 167 1801.0 168 1801.0 
169 1801.0 170 1801.0 171 1801.0 172 1801.0 173 1801.0 174 1801.0 175 1801.0 176 1801.0 
177 1801.0 178 1801.0 179 1801.0 180 1801.0 181 1801.0 182 1801.0 183 1801.0 184 1801.0 
185 1801.0 186 1801.0 187 1801.0 188 1801.0 189 1801.0 190 1801.0 191 1801.0 192 1801.0 
193 1801.0 194 1801.0 195 1801.0 196 1801.0 197 1801.0 198 1801.0 199 1801.0 200 1801.0 
201 1801.0 202 1801.0 203 1801.0 204 1801.0 205 1801.0 206 1801.0 207 1801.0 208 1801.0 
209 1801.0 210 1801.0 211 1801.0 212 1801.0 213 1801.0 214 1801.0 215 1801.0 216 1801.0 
217 1801.0 218 1801.0 219 1801.0 220 1801.0 221 1801.0 222 1801.0 223 1801.0 224 1801.0 
225 1803.0 226 1803.0 227 1803.0 228 1803.0 229 1803.0 230 1803.0 231 1803.0 232 1803.0 
233 1803.0 234 1803.0 235 1803.0 236 1803.0 237 1803.0 238 1803.0 239 1803.0 240 1803.0 
241 1799.0 242 1799.0 243 1799.0 244 1799.0 245 1799.0 246 1799.0 247 1799.0 248 1799.0 
249 1799.0 250 1799.0 251 1799.0 252 1799.0 253 1799.0 254 1799.0 255 1799.0 256 1799.0 
257 1805.0 258 1805.0 259 1805.0 260 1805.0 261 1805.0 262 1805.0 263 1805.0 264 1805.0 
265 1805.0 266 1805.0 267 1805.0 268 1805.0 269 1805.0 270 1805.0 271 1805.0 272 1805.0 
273 1801.0 274 1801.0 275 1801.0 276 1801.0 277 1801.0 278 1801.0 279 1801.0 280 1801.0 
281 1801.0 282 1801.0 283 1801.0 284 1801.0 285 1801.0 286 1801.0 287 1801.0 288 1801.0 
289 1807.0 290 1807.0 291 1807.0 292 1807.0 293 1807.0 294 1807.0 295 1807.0 296 1807.0 
297 1807.0 298 1807.0 299 1807.0 300 1807.0 301 1807.0 302 1807.0 303 1807.0 304 1807.0 
305 1805.0 306 1805.0 307 1805.0 308 1805.0 309 1805.0 310 1805.0 311 1805.0 312 1805.0 
313 1805.0 314 1805.0 315 1805.0 316 1805.0 317 1805.0 318 1805.0 319 1805.0 320 1805.0 
321 1805.0 322 1805.0 323 1805.0 324 1805.0 325 1805.0 326 1805.0 327 1805.0 328 1805.0 
329 1805.0 330 1805.0 331 1805.0 332 1805.0 333 1805.0 334 1805.0 335 1805.0 336 1805.0 
337 1805.0 338 1805.0 339 1805.0 340 1805.0 341 1805.0 342 1805.0 343 1805.0 344 1805.0 
345 1805.0 346 1805.0 347 1805.0 348 1805.0 349 1805.0 350 1805.0 351 1805.0 352 1805.0 
353 1805.0 354 1805.0 355 1805.0 356 1805.0 357 1805.0 358 1805.0 359 1805.0 360 1805.0 
361 1805.0 362 1805.0 363 1805.0 364 1805.0 365 1805.0 366 1805.0 367 1805.0 368 1805.0 
TTD Lookup Table
2.800e-08
642
0.00e+00 0.00e+00 0.00e+00 0.00e+00 0.00e+00 0.00e+00 0.00e+00 0.00e+00 0.00e+00 0.00e+00
0.00e+00 0.00e+00 0.00e+00 0.00e+00 0.00e+00 0.00e+00 0.00e+00 0.00e+00 0.00e+00 0.00e+00
0.00e+00 0.00e+00 0.00e+00 0.00e+00 0.00e+00 0.00e+00 0.00e+00 0.00e+00 0.00e+00 0.00e+00
0.00e+00 0.00e+00 0.00e+00 0.00e+00 0.00e+00 0.00e+00 0.00e+00 0.00e+00 0.00e+00 0.00e+00
0.00e+00 0.00e+00 0.00e+00 0.00e+00 0.00e+00 0.00e+00 0.00e+00 0.00e+00 0.00e+00 0.00e+00
0.00e+00 0.00e+00 0.00e+00 0.00e+00 0.00e+00 2.10e-03 4.91e-03 8.89e-03 1.45e-02 2.13e-02
3.02e-02 4.15e-02 5.54e-02 7.13e-02 8.95e-02 1.11e-01 1.35e-01 1.60e-01 1.92e-01 2.23e-01
2.55e-01 2.88e-01 3.23e-01 3.60e-01 3.98e-01 4.36e-01 4.74e-01 5.15e-01 5.55e-01 5.96e-01
6.37e-01 6.81e-01 7.23e-01 7.66e-01 8.09e-01 8.54e-01 8.98e-01 9.43e-01 9.87e-01 1.03e+00
1.08e+00 1.12e+00 1.17e+00 1.22e+00 1.26e+00 1.31e+00 1.35e+00 1.40e+00 1.45e+00 1.50e+00
1.54e+00 1.59e+00 1.64e+00 1.68e+00 1.73e+00 1.78e+00 1.83e+00 1.87e+00 1.92e+00 1.97e+00
2.01e+00 2.06e+00 2.11e+00 2.16e+00 2.20e+00 2.25e+00 2.29e+00 2.34e+00 2.39e+00 2.43e+00
2.47e+00 2.52e+00 2.56e+00 2.61e+00 2.65e+00 2.69e+00 2.73e+00 2.77e+00 2.81e+00 2.85e+00
2.89e+00 2.93e+00 2.96e+00 3.00e+00 3.03e+00 3.07e+00 3.10e+00 3.13e+00 3.16e+00 3.19e+00
3.22e+00 3.25e+00 3.28e+00 3.31e+00 3.33e+00 3.36e+00 3.39e+00 3.42e+00 3.45e+00 3.48e+00
3.51e+00 3.54e+00 3.57e+00 3.60e+00 3.62e+00 3.65e+00 3.68e+00 3.71e+00 3.74e+00 3.77e+00
3.79e+00 3.82e+00 3.85e+00 3.88e+00 3.91e+00 3.94e+00 3.96e+00 3.99e+00 4.02e+00 4.05e+00
4.07e+00 4.10e+00 4.12e+00 4.15e+00 4.18e+00 4.21e+00 4.23e+00 4.26e+00 4.29e+00 4.31e+00
4.34e+00 4.36e+00 4.39e+00 4.42e+00 4.44e+00 4.47e+00 4.49e+00 4.52e+00 4.55e+00 4.57e+00
4.60e+00 4.62e+00 4.65e+00 4.67e+00 4.70e+00 4.72e+00 4.75e+00 4.78e+00 4.80e+00 4.83e+00
4.85e+00 4.88e+00 4.90e+00 4.93e+00 4.95e+00 4.98e+00 5.00e+00 5.03e+00 5.05e+00 5.08e+00
5.10e+00 5.13e+00 5.15e+00 5.18e+00 5.20e+00 5.23e+00 5.25e+00 5.28e+00 5.30e+00 5.33e+00
5.35e+00 5.38e+00 5.40e+00 5.43e+00 5.45e+00 5.48e+00 5.50e+00 5.52e+00 5.55e+00 5.57e+00
5.60e+00 5.62e+00 5.65e+00 5.67e+00 5.69e+00 5.72e+00 5.74e+00 5.77e+00 5.79e+00 5.82e+00
5.84e+00 5.86e+00 5.89e+00 5.91e+00 5.94e+00 5.96e+00 5.99e+00 6.01e+00 6.03e+00 6.06e+00
6.08e+00 6.11e+00 6.13e+00 6.16e+00 6.18e+00 6.21e+00 6.23e+00 6.26e+00 6.28e+00 6.30e+00
6.33e+00 6.35e+00 6.38e+00 6.40e+00 6.43e+00 6.45e+00 6.48e+00 6.50e+00 6.53e+00 6.55e+00
6.58e+00 6.60e+00 6.62e+00 6.65e+00 6.68e+00 6.70e+00 6.72e+00 6.75e+00 6.78e+00 6.80e+00
6.82e+00 6.85e+00 6.87e+00 6.90e+00 6.92e+00 6.95e+00 6.97e+00 7.00e+00 7.02e+00 7.05e+00
7.07e+00 7.10e+00 7.12e+00 7.15e+00 7.17e+00 7.20e+00 7.22e+00 7.25e+00 7.27e+00 7.30e+00
7.32e+00 7.35e+00 7.37e+00 7.40e+00 7.42e+00 7.45e+00 7.47e+00 7.50e+00 7.52e+00 7.55e+00
7.57e+00 7.60e+00 7.62e+00 7.64e+00 7.67e+00 7.69e+00 7.72e+00 7.74e+00 7.77e+00 7.79e+00
7.82e+00 7.84e+00 7.87e+00 7.89e+00 7.92e+00 7.94e+00 7.97e+00 7.99e+00 8.01e+00 8.04e+00
8.06e+00 8.09e+00 8.11e+00 8.14e+00 8.16e+00 8.19e+00 8.21e+00 8.23e+00 8.26e+00 8.28e+00
8.31e+00 8.33e+00 8.36e+00 8.38e+00 8.40e+00 8.43e+00 8.45e+00 8.48e+00 8.51e+00 8.53e+00
8.56e+00 8.58e+00 8.60e+00 8.63e+00 8.65e+00 8.68e+00 8.70e+00 8.73e+00 8.75e+00 8.77e+00
8.80e+00 8.82e+00 8.85e+00 8.87e+00 8.90e+00 8.92e+00 8.94e+00 8.97e+00 8.99e+00 9.02e+00
9.04e+00 9.07e+00 9.09e+00 9.11e+00 9.14e+00 9.16e+00 9.19e+00 9.21e+00 9.24e+00 9.26e+00
9.28e+00 9.31e+00 9.33e+00 9.36e+00 9.38e+00 9.41e+00 9.43e+00 9.45e+00 9.48e+00 9.50e+00
9.53e+00 9.55e+00 9.57e+00 9.60e+00 9.62e+00 9.65e+00 9.67e+00 9.70e+00 9.72e+00 9.75e+00
9.77e+00 9.79e+00 9.82e+00 9.84e+00 9.87e+00 9.89e+00 9.91e+00 9.94e+00 9.96e+00 9.99e+00
1.00e+01 1.00e+01 1.01e+01 1.01e+01 1.01e+01 1.01e+01 1.02e+01 1.02e+01 1.02e+01 1.02e+01
1.03e+01 1.03e+01 1.03e+01 1.03e+01 1.04e+01 1.04e+01 1.04e+01 1.04e+01 1.05e+01 1.05e+01
1.05e+01 1.05e+01 1.05e+01 1.06e+01 1.06e+01 1.06e+01 1.06e+01 1.07e+01 1.07e+01 1.07e+01
1.07e+01 1.08e+01 1.08e+01 1.08e+01 1.08e+01 1.09e+01 1.09e+01 1.09e+01 1.09e+01 1.10e+01
1.10e+01 1.10e+01 1.10e+01 1.11e+01 1.11e+01 1.11e+01 1.11e+01 1.11e+01 1.12e+01 1.12e+01
1.12e+01 1.12e+01 1.13e+01 1.13e+01 1.13e+01 1.13e+01 1.14e+01 1.14e+01 1.14e+01 1.14e+01
1.15e+01 1.15e+01 1.15e+01 1.15e+01 1.16e+01 1.16e+01 1.16e+01 1.16e+01 1.17e+01 1.17e+01
1.17e+01 1.17e+01 1.17e+01 1.18e+01 1.18e+01 1.18e+01 1.18e+01 1.19e+01 1.19e+01 1.19e+01
1.19e+01 1.20e+01 1.20e+01 1.20e+01 1.20e+01 1.21e+01 1.21e+01 1.21e+01 1.21e+01 1.22e+01
1.22e+01 1.22e+01 1.22e+01 1.23e+01 1.23e+01 1.23e+01 1.23e+01 1.24e+01 1.24e+01 1.24e+01
1.24e+01 1.24e+01 1.25e+01 1.25e+01 1.25e+01 1.25e+01 1.26e+01 1.26e+01 1.26e+01 1.26e+01
1.27e+01 1.27e+01 1.27e+01 1.27e+01 1.28e+01 1.28e+01 1.28e+01 1.28e+01 1.29e+01 1.29e+01
1.29e+01 1.29e+01 1.29e+01 1.30e+01 1.30e+01 1.30e+01 1.30e+01 1.31e+01 1.31e+01 1.31e+01
1.31e+01 1.32e+01 1.32e+01 1.32e+01 1.32e+01 1.33e+01 1.33e+01 1.33e+01 1.33e+01 1.34e+01
1.34e+01 1.34e+01 1.34e+01 1.34e+01 1.35e+01 1.35e+01 1.35e+01 1.35e+01 1.36e+01 1.36e+01
1.36e+01 1.36e+01 1.37e+01 1.37e+01 1.37e+01 1.37e+01 1.38e+01 1.38e+01 1.38e+01 1.38e+01
1.39e+01 1.39e+01 1.39e+01 1.39e+01 1.39e+01 1.40e+01 1.40e+01 1.40e+01 1.40e+01 1.41e+01
1.41e+01 1.41e+01 1.41e+01 1.42e+01 1.42e+01 1.42e+01 1.42e+01 1.43e+01 1.43e+01 1.43e+01
1.43e+01 1.43e+01 1.44e+01 1.44e+01 1.44e+01 1.44e+01 1.45e+01 1.45e+01 1.45e+01 1.45e+01
1.45e+01 1.46e+01 1.46e+01 1.46e+01 1.46e+01 1.46e+01 1.47e+01 1.47e+01 1.47e+01 1.47e+01
1.47e+01 1.47e+01 1.48e+01 1.48e+01 1.48e+01 1.48e+01 1.48e+01 1.48e+01 1.48e+01 1.49e+01
1.49e+01 1.49e+01 1.49e+01 1.49e+01 1.49e+01 1.49e+01 1.49e+01 1.50e+01 1.50e+01 1.50e+01
1.50e+01 1.50e+01 1.50e+01 1.50e+01 1.50e+01 1.50e+01 1.50e+01 1.50e+01 1.50e+01 1.50e+01
1.50e+01 1.51e+01 1.51e+01 1.51e+01 1.51e+01 1.51e+01 1.51e+01 1.51e+01 1.51e+01 1.51e+01
1.51e+01 1.51e+01 1.51e+01 1.51e+01 1.51e+01 1.51e+01 1.51e+01 1.51e+01 1.51e+01 1.51e+01
1.51e+01 1.51e+01 1.51e+01 1.51e+01 1.51e+01 1.51e+01 1.51e+01 1.51e+01 1.51e+01 1.51e+01
1.51e+01 1.51e+01 1.51e+01 1.51e+01 1.51e+01 1.51e+01 1.51e+01 1.51e+01 1.51e+01 1.51e+01
1.51e+01 1.51e+01 1.51e+01 1.51e+01 1.51e+01 1.51e+01 1.51e+01 1.51e+01 1.51e+01 1.51e+01
1.51e+01 1.51e+01 1.51e+01 1.51e+01 1.51e+01 1.51e+01 1.51e+01 1.51e+01 1.51e+01 1.51e+01
1.51e+01 1.51e+01 1.51e+01 1.51e+01 1.51e+01 1.51e+01 1.51e+01 1.51e+01 1.51e+01 1.51e+01
1.51e+01 1.51e+01 1.51e+01 1.51e+01 1.51e+01 1.51e+01 1.51e+01 1.51e+01 1.51e+01 1.51e+01
1.51e+01 1.51e+01 1.51e+01 1.51e+01 1.51e+01 1.51e+01 1.51e+01 1.51e+01 1.51e+01 1.51e+01
1.51e+01 1.51e+01 1.51e+01 1.51e+01 1.51e+01 1.51e+01 1.51e+01 1.51e+01 1.51e+01 1.51e+01
1.51e+01 1.51e+01 1.51e+01 1.51e+01 1.51e+01 1.51e+01 1.51e+01 1.51e+01 1.51e+01 1.51e+01
1.51e+01 1.51e+01 1.51e+01 1.51e+01 1.51e+01 1.51e+01 1.51e+01 1.51e+01 1.51e+01 1.51e+01
1.51e+01 1.51e+01 1.51e+01 1.51e+01 1.51e+01 1.51e+01 1.51e+01 1.51e+01 1.51e+01 1.51e+01
1.51e+01 1.51e+01 1.51e+01 1.51e+01 1.51e+01 1.51e+01 1.51e+01 1.51e+01 1.51e+01 1.51e+01
1.51e+01 1.51e+01 1.51e+01 1.51e+01 1.51e+01 1.51e+01 1.51e+01 1.51e+01 1.51e+01 1.51e+01
1.51e+01 1.51e+01 1.51e+01 1.51e+01 1.51e+01 1.51e+01 1.51e+01 1.51e+01 7.99e-44
[ R.vdc.v2 ]
2       3       0         95
2       4       0         95
2       5       0         95
2       6       0         79
0.3587 1.02793 -0.0042426 45.0                 z, wbeg, wspac, wangle (m)   
4.948e4                                        Drift velocity (m/s)
TDC Offset Values
  1 1805.0   2 1805.0   3 1805.0   4 1805.0   5 1805.0   6 1805.0   7 1805.0   8 1805.0 
  9 1805.0  10 1805.0  11 1805.0  12 1805.0  13 1805.0  14 1805.0  15 1805.0  16 1805.0 
 17 1803.0  18 1803.0  19 1803.0  20 1803.0  21 1803.0  22 1803.0  23 1803.0  24 1803.0 
 25 1803.0  26 1803.0  27 1803.0  28 1803.0  29 1803.0  30 1803.0  31 1803.0  32 1803.0 
 33 1805.0  34 1805.0  35 1805.0  36 1805.0  37 1805.0  38 1805.0  39 1805.0  40 1805.0 
 41 1805.0  42 1805.0  43 1805.0  44 1805.0  45 1805.0  46 1805.0  47 1805.0  48 1805.0 
 49 1801.0  50 1801.0  51 1801.0  52 1801.0  53 1801.0  54 1801.0  55 1801.0  56 1801.0 
 57 1801.0  58 1801.0  59 1801.0  60 1801.0  61 1801.0  62 1801.0  63 1801.0  64 1801.0 
 65 1803.0  66 1803.0  67 1803.0  68 1803.0  69 1803.0  70 1803.0  71 1803.0  72 1803.0 
 73 1803.0  74 1803.0  75 1803.0  76 1803.0  77 1803.0  78 1803.0  79 1803.0  80 1803.0 
 81 1803.0  82 1803.0  83 1803.0  84 1803.0  85 1803.0  86 1803.0  87 1803.0  88 1803.0 
 89 1803.0  90 1803.0  91 1803.0  92 1803.0  93 1803.0  94 1803.0  95 1803.0  96 1803.0 
 97 1807.0  98 1807.0  99 1807.0 100 1807.0 101 1807.0 102 1807.0 103 1807.0 104 1807.0 
105 1807.0 106 1807.0 107 1807.0 108 1807.0 109 1807.0 110 1807.0 111 1807.0 112 1807.0 
113 1805.0 114 1805.0 115 1805.0 116 1805.0 117 1805.0 118 1805.0 119 1805.0 120 1805.0 
121 1805.0 122 1805.0 123 1805.0 124 1805.0 125 1805.0 126 1805.0 127 1805.0 128 1805.0 
129 1805.0 130 1805.0 131 1805.0 132 1805.0 133 1805.0 134 1805.0 135 1805.0 136 1805.0 
137 1805.0 138 1805.0 139 1805.0 140 1805.0 141 1805.0 142 1805.0 143 1805.0 144 1805.0 
145 1805.0 146 1805.0 147 1805.0 148 1805.0 149 1805.0 150 1805.0 151 1805.0 152 1805.0 
153 1805.0 154 1805.0 155 1805.0 156 1805.0 157 1805.0 158 1805.0 159 1805.0 160 1805.0 
161 1803.0 162 1803.0 163 1803.0 164 1803.0 165 1803.0 166 1803.0 167 1803.0 168 1803.0 
169 1803.0 170 1803.0 171 1803.0 172 1803.0 173 1803.0 174 1803.0 175 1803.0 176 1803.0 
177 1805.0 178 1805.0 179 1805.0 180 1805.0 181 1805.0 182 1805.0 183 1805.0 184 1805.0 
185 1805.0 186 1805.0 187 1805.0 188 1805.0 189 1805.0 190 1805.0 191 1805.0 192 1805.0 
193 1807.0 194 1807.0 195 1807.0 196 1807.0 197 1807.0 198 1807.0 199 1807.0 200 1807.0 
201 1807.0 202 1807.0 203 1807.0 204 1807.0 205 1807.0 206 1807.0 207 1807.0 208 1807.0 
209 1809.0 210 1809.0 211 1809.0 212 1809.0 213 1809.0 214 1809.0 215 1809.0 216 1809.0 
217 1809.0 218 1809.0 219 1809.0 220 1809.0 221 1809.0 222 1809.0 223 1809.0 224 1809.0 
225 1811.0 226 1811.0 227 1811.0 228 1811.0 229 1811.0 230 1811.0 231 1811.0 232 1811.0 
233 1811.0 234 1811.0 235 1811.0 236 1811.0 237 1811.0 238 1811.0 239 1811.0 240 1811.0 
241 1805.0 242 1805.0 243 1805.0 244 1805.0 245 1805.0 246 1805.0 247 1805.0 248 1805.0 
249 1805.0 250 1805.0 251 1805.0 252 1805.0 253 1805.0 254 1805.0 255 1805.0 256 1805.0 
257 1809.0 258 1809.0 259 1809.0 260 1809.0 261 1809.0 262 1809.0 263 1809.0 264 1809.0 
265 1809.0 266 1809.0 267 1809.0 268 1809.0 269 1809.0 270 1809.0 271 1809.0 272 1809.0 
273 1805.0 274 1805.0 275 1805.0 276 1805.0 277 1805.0 278 1805.0 279 1805.0 280 1805.0 
281 1805.0 282 1805.0 283 1805.0 284 1805.0 285 1805.0 286 1805.0 287 1805.0 288 1805.0 
289 1815.0 290 1815.0 291 1815.0 292 1815.0 293 1815.0 294 1815.0 295 1815.0 296 1815.0 
297 1815.0 298 1815.0 299 1815.0 300 1815.0 301 1815.0 302 1815.0 303 1815.0 304 1815.0 
305 1813.0 306 1813.0 307 1813.0 308 1813.0 309 1813.0 310 1813.0 311 1813.0 312 1813.0 
313 1813.0 314 1813.0 315 1813.0 316 1813.0 317 1813.0 318 1813.0 319 1813.0 320 1813.0 
321 1811.0 322 1811.0 323 1811.0 324 1811.0 325 1811.0 326 1811.0 327 1811.0 328 1811.0 
329 1811.0 330 1811.0 331 1811.0 332 1811.0 333 1811.0 334 1811.0 335 1811.0 336 1811.0 
337 1809.0 338 1809.0 339 1809.0 340 1809.0 341 1809.0 342 1809.0 343 1809.0 344 1809.0 
345 1809.0 346 1809.0 347 1809.0 348 1809.0 349 1809.0 350 1809.0 351 1809.0 352 1809.0 
353 1813.0 354 1813.0 355 1813.0 356 1813.0 357 1813.0 358 1813.0 359 1813.0 360 1813.0 
361 1813.0 362 1813.0 363 1813.0 364 1813.0 365 1813.0 366 1813.0 367 1813.0 368 1813.0 
TTD Lookup Table
2.700e-08
644
0.00e+00 0.00e+00 0.00e+00 0.00e+00 0.00e+00 0.00e+00 0.00e+00 0.00e+00 0.00e+00 0.00e+00
0.00e+00 0.00e+00 0.00e+00 0.00e+00 0.00e+00 0.00e+00 0.00e+00 0.00e+00 0.00e+00 0.00e+00
0.00e+00 0.00e+00 0.00e+00 0.00e+00 0.00e+00 0.00e+00 0.00e+00 0.00e+00 0.00e+00 0.00e+00
0.00e+00 0.00e+00 0.00e+00 0.00e+00 0.00e+00 0.00e+00 0.00e+00 0.00e+00 0.00e+00 0.00e+00
0.00e+00 0.00e+00 0.00e+00 0.00e+00 0.00e+00 0.00e+00 0.00e+00 0.00e+00 0.00e+00 0.00e+00
0.00e+00 0.00e+00 0.00e+00 1.92e-03 4.63e-03 8.17e-03 1.25e-02 1.86e-02 2.61e-02 3.54e-02
4.60e-02 5.91e-02 7.44e-02 9.16e-02 1.11e-01 1.34e-01 1.58e-01 1.84e-01 2.14e-01 2.45e-01
2.77e-01 3.11e-01 3.45e-01 3.83e-01 4.20e-01 4.58e-01 4.95e-01 5.36e-01 5.77e-01 6.17e-01
6.58e-01 7.01e-01 7.43e-01 7.85e-01 8.26e-01 8.71e-01 9.14e-01 9.58e-01 1.00e+00 1.05e+00
1.09e+00 1.14e+00 1.18e+00 1.23e+00 1.27e+00 1.32e+00 1.36e+00 1.41e+00 1.46e+00 1.50e+00
1.55e+00 1.59e+00 1.64e+00 1.69e+00 1.73e+00 1.78e+00 1.83e+00 1.87e+00 1.92e+00 1.97e+00
2.01e+00 2.06e+00 2.10e+00 2.15e+00 2.19e+00 2.24e+00 2.28e+00 2.33e+00 2.38e+00 2.42e+00
2.46e+00 2.51e+00 2.55e+00 2.59e+00 2.64e+00 2.68e+00 2.72e+00 2.76e+00 2.80e+00 2.84e+00
2.87e+00 2.91e+00 2.95e+00 2.98e+00 3.01e+00 3.05e+00 3.08e+00 3.11e+00 3.14e+00 3.17e+00
3.20e+00 3.23e+00 3.26e+00 3.29e+00 3.31e+00 3.34e+00 3.37e+00 3.40e+00 3.43e+00 3.45e+00
3.48e+00 3.51e+00 3.54e+00 3.57e+00 3.60e+00 3.62e+00 3.65e+00 3.68e+00 3.71e+00 3.74e+00
3.76e+00 3.79e+00 3.82e+00 3.85e+00 3.87e+00 3.90e+00 3.93e+00 3.96e+00 3.98e+00 4.01e+00
4.04e+00 4.06e+00 4.09e+00 4.11e+00 4.14e+00 4.17e+00 4.19e+00 4.22e+00 4.25e+00 4.27e+00
4.30e+00 4.32e+00 4.35e+00 4.38e+00 4.40e+00 4.43e+00 4.45e+00 4.48e+00 4.50e+00 4.53e+00
4.55e+00 4.58e+00 4.60e+00 4.63e+00 4.65e+00 4.68e+00 4.70e+00 4.73e+00 4.75e+00 4.78e+00
4.80e+00 4.83e+00 4.85e+00 4.88e+00 4.90e+00 4.93e+00 4.95e+00 4.98e+00 5.00e+00 5.03e+00
5.05e+00 5.08e+00 5.10e+00 5.13e+00 5.15e+00 5.18e+00 5.20e+00 5.23e+00 5.25e+00 5.27e+00
5.30e+00 5.32e+00 5.35e+00 5.37e+00 5.39e+00 5.42e+00 5.44e+00 5.47e+00 5.49e+00 5.51e+00
5.54e+00 5.56e+00 5.59e+00 5.61e+00 5.63e+00 5.66e+00 5.68e+00 5.71e+00 5.73e+00 5.75e+00
5.77e+00 5.80e+00 5.82e+00 5.85e+00 5.87e+00 5.89e+00 5.92e+00 5.94e+00 5.96e+00 5.99e+00
6.01e+00 6.04e+00 6.06e+00 6.09e+00 6.11e+00 6.13e+00 6.16e+00 6.18e+00 6.21e+00 6.23e+00
6.25e+00 6.28e+00 6.30e+00 6.33e+00 6.35e+00 6.38e+00 6.40e+00 6.42e+00 6.45e+00 6.47e+00
6.50e+00 6.52e+00 6.54e+00 6.57e+00 6.59e+00 6.62e+00 6.64e+00 6.67e+00 6.69e+00 6.72e+00
6.74e+00 6.77e+00 6.79e+00 6.81e+00 6.84e+00 6.86e+00 6.89e+00 6.91e+00 6.93e+00 6.96e+00
6.98e+00 7.01e+00 7.03e+00 7.06e+00 7.08e+00 7.10e+00 7.13e+00 7.15e+00 7.18e+00 7.20e+00
7.23e+00 7.25e+00 7.28e+00 7.30e+00 7.32e+00 7.35e+00 7.37e+00 7.40e+00 7.42e+00 7.45e+00
7.47e+00 7.49e+00 7.52e+00 7.54e+00 7.57e+00 7.59e+00 7.62e+00 7.64e+00 7.66e+00 7.69e+00
7.71e+00 7.74e+00 7.76e+00 7.79e+00 7.81e+00 7.83e+00 7.86e+00 7.88e+00 7.91e+00 7.93e+00
7.95e+00 7.98e+00 8.00e+00 8.03e+00 8.05e+00 8.08e+00 8.10e+00 8.12e+00 8.15e+00 8.17e+00
8.19e+00 8.22e+00 8.24e+00 8.27e+00 8.29e+00 8.32e+00 8.34e+00 8.36e+00 8.39e+00 8.41e+00
8.43e+00 8.46e+00 8.48e+00 8.51e+00 8.53e+00 8.55e+00 8.58e+00 8.60e+00 8.62e+00 8.65e+00
8.67e+00 8.70e+00 8.72e+00 8.74e+00 8.77e+00 8.79e+00 8.82e+00 8.84e+00 8.86e+00 8.89e+00
8.91e+00 8.93e+00 8.96e+00 8.98e+00 9.01e+00 9.03e+00 9.05e+00 9.08e+00 9.10e+00 9.12e+00
9.15e+00 9.17e+00 9.20e+00 9.22e+00 9.24e+00 9.27e+00 9.29e+00 9.32e+00 9.34e+00 9.36e+00
9.39e+00 9.41e+00 9.43e+00 9.46e+00 9.48e+00 9.51e+00 9.53e+00 9.55e+00 9.58e+00 9.60e+00
9.62e+00 9.65e+00 9.67e+00 9.70e+00 9.72e+00 9.74e+00 9.77e+00 9.79e+00 9.81e+00 9.84e+00
9.86e+00 9.89e+00 9.91e+00 9.93e+00 9.96e+00 9.98e+00 1.00e+01 1.00e+01 1.01e+01 1.01e+01
1.01e+01 1.01e+01 1.01e+01 1.02e+01 1.02e+01 1.02e+01 1.02e+01 1.03e+01 1.03e+01 1.03e+01
1.03e+01 1.04e+01 1.04e+01 1.04e+01 1.04e+01 1.05e+01 1.05e+01 1.05e+01 1.05e+01 1.06e+01
1.06e+01 1.06e+01 1.06e+01 1.06e+01 1.07e+01 1.07e+01 1.07e+01 1.07e+01 1.08e+01 1.08e+01
1.08e+01 1.08e+01 1.09e+01 1.09e+01 1.09e+01 1.09e+01 1.10e+01 1.10e+01 1.10e+01 1.10e+01
1.10e+01 1.11e+01 1.11e+01 1.11e+01 1.11e+01 1.12e+01 1.12e+01 1.12e+01 1.12e+01 1.13e+01
1.13e+01 1.13e+01 1.13e+01 1.14e+01 1.14e+01 1.14e+01 1.14e+01 1.14e+01 1.15e+01 1.15e+01
1.15e+01 1.15e+01 1.16e+01 1.16e+01 1.16e+01 1.16e+01 1.17e+01 1.17e+01 1.17e+01 1.17e+01
1.18e+01 1.18e+01 1.18e+01 1.18e+01 1.19e+01 1.19e+01 1.19e+01 1.19e+01 1.19e+01 1.20e+01
1.20e+01 1.20e+01 1.20e+01 1.21e+01 1.21e+01 1.21e+01 1.21e+01 1.22e+01 1.22e+01 1.22e+01
1.22e+01 1.22e+01 1.23e+01 1.23e+01 1.23e+01 1.23e+01 1.24e+01 1.24e+01 1.24e+01 1.24e+01
1.25e+01 1.25e+01 1.25e+01 1.25e+01 1.26e+01 1.26e+01 1.26e+01 1.26e+01 1.26e+01 1.27e+01
1.27e+01 1.27e+01 1.27e+01 1.28e+01 1.28e+01 1.28e+01 1.28e+01 1.29e+01 1.29e+01 1.29e+01
1.29e+01 1.30e+01 1.30e+01 1.30e+01 1.30e+01 1.30e+01 1.31e+01 1.31e+01 1.31e+01 1.31e+01
1.32e+01 1.32e+01 1.32e+01 1.32e+01 1.33e+01 1.33e+01 1.33e+01 1.33e+01 1.34e+01 1.34e+01
1.34e+01 1.34e+01 1.34e+01 1.35e+01 1.35e+01 1.35e+01 1.35e+01 1.36e+01 1.36e+01 1.36e+01
1.36e+01 1.37e+01 1.37e+01 1.37e+01 1.37e+01 1.37e+01 1.38e+01 1.38e+01 1.38e+01 1.38e+01
1.39e+01 1.39e+01 1.39e+01 1.39e+01 1.40e+01 1.40e+01 1.40e+01 1.40e+01 1.41e+01 1.41e+01
1.41e+01 1.41e+01 1.41e+01 1.42e+01 1.42e+01 1.42e+01 1.42e+01 1.43e+01 1.43e+01 1.43e+01
1.43e+01 1.43e+01 1.44e+01 1.44e+01 1.44e+01 1.44e+01 1.45e+01 1.45e+01 1.45e+01 1.45e+01
1.45e+01 1.46e+01 1.46e+01 1.46e+01 1.46e+01 1.46e+01 1.46e+01 1.47e+01 1.47e+01 1.47e+01
1.47e+01 1.47e+01 1.48e+01 1.48e+01 1.48e+01 1.48e+01 1.48e+01 1.48e+01 1.48e+01 1.49e+01
1.49e+01 1.49e+01 1.49e+01 1.49e+01 1.49e+01 1.49e+01 1.49e+01 1.49e+01 1.50e+01 1.50e+01
1.50e+01 1.50e+01 1.50e+01 1.50e+01 1.51e+01 1.51e+01 1.51e+01 1.51e+01 1.51e+01 1.51e+01
1.51e+01 1.51e+01 1.51e+01 1.51e+01 1.51e+01 1.51e+01 1.51e+01 1.51e+01 1.51e+01 1.51e+01
1.51e+01 1.51e+01 1.51e+01 1.51e+01 1.51e+01 1.51e+01 1.51e+01 1.51e+01 1.51e+01 1.51e+01
1.51e+01 1.51e+01 1.51e+01 1.51e+01 1.51e+01 1.51e+01 1.51e+01 1.51e+01 1.51e+01 1.51e+01
1.51e+01 1.51e+01 1.51e+01 1.51e+01 1.51e+01 1.51e+01 1.51e+01 1.51e+01 1.51e+01 1.51e+01
1.51e+01 1.51e+01 1.51e+01 1.51e+01 1.51e+01 1.51e+01 1.51e+01 1.51e+01 1.51e+01 1.51e+01
1.51e+01 1.51e+01 1.51e+01 1.51e+01 1.51e+01 1.51e+01 1.51e+01 1.51e+01 1.51e+01 1.51e+01
1.51e+01 1.51e+01 1.51e+01 1.51e+01 1.51e+01 1.51e+01 1.51e+01 1.51e+01 1.51e+01 1.51e+01
1.51e+01 1.51e+01 1.51e+01 1.51e+01 1.51e+01 1.51e+01 1.51e+01 1.51e+01 1.51e+01 1.51e+01
1.51e+01 1.51e+01 1.51e+01 1.51e+01 1.51e+01 1.51e+01 1.51e+01 1.51e+01 1.51e+01 1.51e+01
1.51e+01 1.51e+01 1.51e+01 1.51e+01 1.51e+01 1.51e+01 1.51e+01 1.51e+01 1.51e+01 1.51e+01
1.51e+01 1.51e+01 1.51e+01 1.51e+01 1.51e+01 1.51e+01 1.51e+01 1.51e+01 1.51e+01 1.51e+01
1.51e+01 1.51e+01 1.51e+01 1.51e+01 1.51e+01 1.51e+01 1.51e+01 1.51e+01 1.51e+01 1.51e+01
1.51e+01 1.51e+01 1.51e+01 1.51e+01 1.51e+01 1.51e+01 1.51e+01 1.51e+01 1.51e+01 1.51e+01
1.51e+01 1.51e+01 1.51e+01 1.51e+01 1.51e+01 1.51e+01 1.51e+01 1.51e+01 1.51e+01 1.51e+01
1.51e+01 1.51e+01 1.51e+01 1.51e+01 1.51e+01 1.51e+01 1.51e+01 1.51e+01 7.99e-44
[ R.global ]  
0.3348 1 0.0 269.8 0.0 -1.6e-03           VDC Angle, Plane Spacing, Gamma Coefficents   
matrix elements   
t 0 0 0  -1.0046E+00 -3.3492E-01 -4.0787E-02  0.0000E+00  0.0000E+00  0.0000E+00   0.0000E+00
y 0 0 0 -5.1574E-03  2.6424E-04  2.2346E-03  0.0000E+00  0.0000E+00  0.0000E+00   0.0000E+00
p 0 0 0 -7.4355E-04 -2.1302E-03  1.1950E-03  0.0000E+00  0.0000E+00  0.0000E+00   0.0000E+00
D 0 0 0   0.000000e+00  7.430000e-02  9.100000e-03  7.000000e-04  0.000000e+00  0.000000e+00  0.000000e+00
D 0 0 1   0.000000e+00 -2.100000e-03  0.000000e+00  0.000000e+00  0.000000e+00  0.000000e+00  0.000000e+00
D 0 0 2  -5.720000e-02  6.872000e-01  0.000000e+00  0.000000e+00  0.000000e+00  0.000000e+00  0.000000e+00
D 0 1 0   0.000000e+00  8.100000e-03 -3.900000e-03  0.000000e+00  0.000000e+00  0.000000e+00  0.000000e+00
D 0 2 0   3.791000e-01 -2.483000e-01  0.000000e+00  0.000000e+00  0.000000e+00  0.000000e+00  0.000000e+00
D 0 2 1   4.874700e+00  0.000000e+00  0.000000e+00  0.000000e+00  0.000000e+00  0.000000e+00  0.000000e+00
D 0 3 0  -4.598000e+00  0.000000e+00  0.000000e+00  0.000000e+00  0.000000e+00  0.000000e+00  0.000000e+00
D 1 0 0   2.110000e-02  2.743000e-01  0.000000e+00  0.000000e+00  0.000000e+00  0.000000e+00  0.000000e+00
D 1 0 1  -2.812200e+00  0.000000e+00  0.000000e+00  0.000000e+00  0.000000e+00  0.000000e+00  0.000000e+00
D 1 0 2  -1.140690e+02  0.000000e+00  0.000000e+00  0.000000e+00  0.000000e+00  0.000000e+00  0.000000e+00
D 1 1 0   3.636800e+00  0.000000e+00  0.000000e+00  0.000000e+00  0.000000e+00  0.000000e+00  0.000000e+00
D 1 1 1   1.243004e+02  1.381330e+01  0.000000e+00  0.000000e+00  0.000000e+00  0.000000e+00  0.000000e+00
D 1 2 0  -8.339590e+01  0.000000e+00  0.000000e+00  0.000000e+00  0.000000e+00  0.000000e+00  0.000000e+00
D 2 0 0  -3.575900e+00  1.958900e+00  0.000000e+00  0.000000e+00  0.000000e+00  0.000000e+00  0.000000e+00
D 2 0 1  -7.268470e+01  0.000000e+00  0.000000e+00  0.000000e+00  0.000000e+00  0.000000e+00  0.000000e+00
D 2 1 0   6.683400e+01  0.000000e+00  0.000000e+00  0.000000e+00  0.000000e+00  0.000000e+00  0.000000e+00
D 4 0 0   2.872747e+03  0.000000e+00  0.000000e+00  0.000000e+00  0.000000e+00  0.000000e+00  0.000000e+00
T 0 0 0   0.000000e+00 -1.000000e-03  1.480000e-02  0.000000e+00 -2.690000e-02  0.000000e+00  0.000000e+00
T 0 0 1   4.670000e-02  1.460000e-02  2.078000e-01  0.000000e+00  0.000000e+00  0.000000e+00  0.000000e+00
T 0 0 2   8.573000e+00  0.000000e+00  0.000000e+00  0.000000e+00  0.000000e+00  0.000000e+00  0.000000e+00
T 0 1 0  -4.720000e-02 -2.700000e-03 -1.145000e-01  0.000000e+00  0.000000e+00  0.000000e+00  0.000000e+00
T 0 1 1  -9.165700e+00  0.000000e+00  0.000000e+00  0.000000e+00  0.000000e+00  0.000000e+00  0.000000e+00
T 0 1 2   1.276891e+02  0.000000e+00  0.000000e+00  0.000000e+00  0.000000e+00  0.000000e+00  0.000000e+00
T 0 2 0   3.987700e+00  0.000000e+00  0.000000e+00  0.000000e+00  0.000000e+00  0.000000e+00  0.000000e+00
T 0 2 1  -8.749480e+01  0.000000e+00  0.000000e+00  0.000000e+00  0.000000e+00  0.000000e+00  0.000000e+00
T 1 0 0  -2.347700e+00  5.696000e-01  0.000000e+00  0.000000e+00  0.000000e+00  0.000000e+00  0.000000e+00
T 1 0 1  -1.954670e+01  0.000000e+00  0.000000e+00  0.000000e+00  0.000000e+00  0.000000e+00  0.000000e+00
T 1 0 2   1.818646e+02  0.000000e+00  0.000000e+00  0.000000e+00  0.000000e+00  0.000000e+00  0.000000e+00
T 1 1 0   2.280040e+01  0.000000e+00  0.000000e+00  0.000000e+00  0.000000e+00  0.000000e+00  0.000000e+00
T 1 1 1  -4.420082e+02  0.000000e+00  0.000000e+00  0.000000e+00  0.000000e+00  0.000000e+00  0.000000e+00
T 2 0 0  -1.359300e+00  6.061200e+00 -3.756640e+01  0.000000e+00  0.000000e+00  0.000000e+00  0.000000e+00
T 2 0 1  -6.358724e+02  0.000000e+00  0.000000e+00  0.000000e+00  0.000000e+00  0.000000e+00  0.000000e+00
T 2 1 0   5.219677e+02  0.000000e+00  0.000000e+00  0.000000e+00  0.000000e+00  0.000000e+00  0.000000e+00
P 0 0 0   0.000000e+00 -8.700000e-03  0.000000e+00  0.000000e+00 -5.500000e-03  0.000000e+00  0.000000e+00
P 0 0 1   9.760000e-02 -6.145000e-01  0.000000e+00  0.000000e+00  0.000000e+00  0.000000e+00  0.000000e+00
P 0 0 2   3.385000e-01  5.302000e+00  0.000000e+00  0.000000e+00  0.000000e+00  0.000000e+00  0.000000e+00
P 0 0 3  -4.697500e+01  0.000000e+00  0.000000e+00  0.000000e+00  0.000000e+00  0.000000e+00  0.000000e+00
P 0 1 0  -5.846000e-01  3.275000e-01  1.173000e-01  0.000000e+00  0.000000e+00  0.000000e+00  0.000000e+00
P 0 1 1  -1.153000e+00 -9.535900e+00  0.000000e+00  0.000000e+00  0.000000e+00  0.000000e+00  0.000000e+00
P 0 1 2   3.924950e+01  0.000000e+00  0.000000e+00  0.000000e+00  0.000000e+00  0.000000e+00  0.000000e+00
P 0 2 0  -3.490000e-02  4.143100e+00  0.000000e+00  0.000000e+00  0.000000e+00  0.000000e+00  0.000000e+00
P 1 0 0   0.000000e+00  0.000000e+00 -1.985000e-01  0.000000e+00  0.000000e+00  0.000000e+00  0.000000e+00
P 1 0 1   6.691800e+00  0.000000e+00  0.000000e+00  0.000000e+00  0.000000e+00  0.000000e+00  0.000000e+00
P 1 0 2  -4.100291e+02  0.000000e+00  0.000000e+00  0.000000e+00  0.000000e+00  0.000000e+00  0.000000e+00
P 1 1 1   5.381829e+02  0.000000e+00  0.000000e+00  0.000000e+00  0.000000e+00  0.000000e+00  0.000000e+00
P 1 2 0  -1.663233e+02  0.000000e+00  0.000000e+00  0.000000e+00  0.000000e+00  0.000000e+00  0.000000e+00
P 2 0 0   1.816840e+01 -7.934800e+00  9.882000e+00  0.000000e+00  0.000000e+00  0.000000e+00  0.000000e+00
P 2 0 1   5.627949e+02  0.000000e+00  0.000000e+00  0.000000e+00  0.000000e+00  0.000000e+00  0.000000e+00
P 2 1 0  -6.733205e+02  0.000000e+00  0.000000e+00  0.000000e+00  0.000000e+00  0.000000e+00  0.000000e+00
Y 0 0 0   0.000000e+00  1.470000e-02  9.600000e-03  1.900000e-03  0.000000e+00  0.000000e+00  0.000000e+00
Y 0 0 1   1.808300e+00  6.500000e-01 -7.187000e-01  0.000000e+00  0.000000e+00  0.000000e+00  0.000000e+00
Y 0 0 2   3.566500e+00  0.000000e+00  0.000000e+00  0.000000e+00  0.000000e+00  0.000000e+00  0.000000e+00
Y 0 0 3  -1.440520e+02  0.000000e+00  0.000000e+00  0.000000e+00  0.000000e+00  0.000000e+00  0.000000e+00
Y 0 1 0  -9.326000e-01 -1.073400e+00  0.000000e+00  0.000000e+00  0.000000e+00  0.000000e+00  0.000000e+00
Y 0 1 1  -2.025400e+00 -9.019900e+00  0.000000e+00  0.000000e+00  0.000000e+00  0.000000e+00  0.000000e+00
Y 0 1 2   7.819914e+02  0.000000e+00  0.000000e+00  0.000000e+00  0.000000e+00  0.000000e+00  0.000000e+00
Y 0 2 0   1.311400e+00  2.275400e+00  0.000000e+00  0.000000e+00  0.000000e+00  0.000000e+00  0.000000e+00
Y 0 2 1  -9.021082e+02  0.000000e+00  0.000000e+00  0.000000e+00  0.000000e+00  0.000000e+00  0.000000e+00
Y 0 3 0   2.978882e+02  0.000000e+00  0.000000e+00  0.000000e+00  0.000000e+00  0.000000e+00  0.000000e+00
Y 1 0 2   1.600221e+03  0.000000e+00  0.000000e+00  0.000000e+00  0.000000e+00  0.000000e+00  0.000000e+00
Y 1 1 0  -2.280900e+01  0.000000e+00  0.000000e+00  0.000000e+00  0.000000e+00  0.000000e+00  0.000000e+00
Y 1 1 1  -1.815039e+03  0.000000e+00  0.000000e+00  0.000000e+00  0.000000e+00  0.000000e+00  0.000000e+00
Y 1 2 0   5.563847e+02  0.000000e+00  0.000000e+00  0.000000e+00  0.000000e+00  0.000000e+00  0.000000e+00
Y 2 0 0  -2.319100e+01  0.000000e+00 -3.569970e+01  0.000000e+00  0.000000e+00  0.000000e+00  0.000000e+00
Y 2 0 1  -1.026326e+03  0.000000e+00  0.000000e+00  0.000000e+00  0.000000e+00  0.000000e+00  0.000000e+00
Y 2 1 0   1.642581e+03  0.000000e+00  0.000000e+00  0.000000e+00  0.000000e+00  0.000000e+00  0.000000e+00
